{
  "columns": [
    "temp",
    "atemp",
    "hum",
    "windspeed",
    "casual",
    "registered",
    "cnt"
  ],
  "contractVersion": "python-data-tools-v1",
  "datasetSha256": "e03de4ee4ef4dc376ac6e04bf829673c6269e8eba5c60fa121640fa2f829504f",
  "guardrail": {
    "en": "Correlation does not imply causation; association cannot prove that one variable causes another.",
    "zh-CN": "相关不代表因果；相关系数描述共同变化，不能证明一个变量导致另一个变量。"
  },
  "matrix": [
    [
      1.0,
      0.98767214,
      -0.06988139,
      -0.02312526,
      0.45961565,
      0.33536085,
      0.40477228
    ],
    [
      0.98767214,
      1.0,
      -0.0519177,
      -0.06233604,
      0.45408007,
      0.33255864,
      0.4009293
    ],
    [
      -0.06988139,
      -0.0519177,
      1.0,
      -0.2901049,
      -0.34702809,
      -0.27393312,
      -0.32291074
    ],
    [
      -0.02312526,
      -0.06233604,
      -0.2901049,
      1.0,
      0.09028678,
      0.08232085,
      0.09323378
    ],
    [
      0.45961565,
      0.45408007,
      -0.34702809,
      0.09028678,
      1.0,
      0.5066177,
      0.69456408
    ],
    [
      0.33536085,
      0.33255864,
      -0.27393312,
      0.08232085,
      0.5066177,
      1.0,
      0.97215073
    ],
    [
      0.40477228,
      0.4009293,
      -0.32291074,
      0.09323378,
      0.69456408,
      0.97215073,
      1.0
    ]
  ],
  "method": "pearson",
  "nonMissing": {
    "atemp": 17379,
    "casual": 17379,
    "cnt": 17379,
    "hum": 17379,
    "registered": 17379,
    "temp": 17379,
    "windspeed": 17379
  }
}
